artyom@artyom-H97-D3H:~/Projects/ParallelComputing$ ~/.CLion2016.1/system/cmake/generated/ParallelComputing-3fb28272/3fb28272/Debug/benchmark
Run number 0 1 2 3 4 5 6 7 8 9 10 11 12 13 14 15 16 17 18 19 20 21 22 23 24 25 26 27 28 29 30 31 32 33 34 35 36 37 38 39 40 41 42 43 44 45 46 47 48 49 
 -- SEQUENTIAL 1 threads --
Mean 364.683
StDev 20.052
Margin 5.55812
Run number 0 1 2 3 4 5 6 7 8 9 10 11 12 13 14 15 16 17 18 19 20 21 22 23 24 25 26 27 28 29 30 31 32 33 34 35 36 37 38 39 40 41 42 43 44 45 46 47 48 49 
 -- OPENMP 2 threads --
Mean 233.263
StDev 0.971632
Margin 0.269323
Run number 0 1 2 3 4 5 6 7 8 9 10 11 12 13 14 15 16 17 18 19 20 21 22 23 24 25 26 27 28 29 30 31 32 33 34 35 36 37 38 39 40 41 42 43 44 45 46 47 48 49 
 -- PTHREAD 2 threads --
Mean 235.292
StDev 0.830268
Margin 0.230138
Run number 0 1 2 3 4 5 6 7 8 9 10 11 12 13 14 15 16 17 18 19 20 21 22 23 24 25 26 27 28 29 30 31 32 33 34 35 36 37 38 39 40 41 42 43 44 45 46 47 48 49 
 -- OPENMP 4 threads --
Mean 162.593
StDev 1.08646
Margin 0.30115
Run number 0 1 2 3 4 5 6 7 8 9 10 11 12 13 14 15 16 17 18 19 20 21 22 23 24 25 26 27 28 29 30 31 32 33 34 35 36 37 38 39 40 41 42 43 44 45 46 47 48 49 
 -- PTHREAD 4 threads --
Mean 161.73
StDev 1.46354
Margin 0.405672
Run number 0 1 2 3 4 5 6 7 8 9 10 11 12 13 14 15 16 17 18 19 20 21 22 23 24 25 26 27 28 29 30 31 32 33 34 35 36 37 38 39 40 41 42 43 44 45 46 47 48 49 
 -- OPENMP 8 threads --
Mean 139.376
StDev 0.985163
Margin 0.273073
Run number 0 1 2 3 4 5 6 7 8 9 10 11 12 13 14 15 16 17 18 19 20 21 22 23 24 25 26 27 28 29 30 31 32 33 34 35 36 37 38 39 40 41 42 43 44 45 46 47 48 49 
 -- PTHREAD 8 threads --
Mean 160.027
StDev 10.146
Margin 2.81233
Run number 0 1 2 3 4 5 6 7 8 9 10 11 12 13 14 15 16 17 18 19 20 21 22 23 24 25 26 27 28 29 30 31 32 33 34 35 36 37 38 39 40 41 42 43 44 45 46 47 48 49 
 -- FLIPMAP 1 threads --
Mean 22.0706
StDev 0.865806
Margin 0.239989
